%YAML:1.0
cam_K: !!opencv-matrix
   rows: 3
   cols: 3
   dt: d
   data: [ 1.2812465153826899e+03, 0., 7.7960736960081124e+02, 0.,
       1.2871290594580078e+03, 5.4175559534983506e+02, 0., 0., 1. ]
cam_kc: !!opencv-matrix
   rows: 1
   cols: 5
   dt: d
   data: [ 1.1049056949571108e-01, -3.5740346492609115e-01,
       -5.9455945161771872e-05, -8.8585592495170236e-03, 0. ]
proj_K: !!opencv-matrix
   rows: 3
   cols: 3
   dt: d
   data: [ 2.5964171622958781e+02, 0., 9.7324000444216594e+01, 0.,
       5.1506360512612639e+02, 2.4005210473259223e+02, 0., 0., 1. ]
proj_kc: !!opencv-matrix
   rows: 1
   cols: 5
   dt: d
   data: [ -2.9710366349728468e-01, 2.5200307227569674e-01,
       -4.0257606380814319e-02, 2.4397628348631693e-03, 0. ]
R: !!opencv-matrix
   rows: 3
   cols: 3
   dt: d
   data: [ 9.9134932943275134e-01, 4.6285965389706460e-02,
       1.2281741098548353e-01, -3.2676723187525916e-02,
       9.9332813082801641e-01, -1.1059591433432350e-01,
       -1.2711702795046806e-01, 1.0562591497195237e-01,
       9.8624765008154913e-01 ]
T: !!opencv-matrix
   rows: 3
   cols: 1
   dt: d
   data: [ -3.9080597469850446e+01, 5.0179237008079536e+00,
       -2.2996342147519435e+01 ]
cam_error: 6.8329788048404205e-01
proj_error: 2.2557124669751519e-01
stereo_error: 5.3167133153473334e-01
