<?xml version="1.0"?>
<opencv_storage>
<calibration_Time>"Fri Nov 22 21:30:00 2013"</calibration_Time>
<nrOfFrames>25</nrOfFrames>
<image_Width>1280</image_Width>
<image_Height>720</image_Height>
<board_Width>8</board_Width>
<board_Height>6</board_Height>
<square_Size>50.</square_Size>
<FixAspectRatio>1.</FixAspectRatio>
<!-- flags:  +fix_aspectRatio +fix_principal_point +zero_tangent_dist -->
<flagValue>14</flagValue>
<Camera_Matrix type_id="opencv-matrix">
  <rows>3</rows>
  <cols>3</cols>
  <dt>d</dt>
  <data>
    1.0308020670080416e+03 0. 6.3950000000000000e+02 0.
    1.0308020670080416e+03 3.5950000000000000e+02 0. 0. 1.</data></Camera_Matrix>
<Distortion_Coefficients type_id="opencv-matrix">
  <rows>5</rows>
  <cols>1</cols>
  <dt>d</dt>
  <data>
    -1.9769233367401090e-01 1.0734723513788553e+00 0. 0.
    -1.2737043495281950e+00</data></Distortion_Coefficients>
<Avg_Reprojection_Error>7.5915275233491575e-01</Avg_Reprojection_Error>
<Per_View_Reprojection_Errors type_id="opencv-matrix">
  <rows>25</rows>
  <cols>1</cols>
  <dt>f</dt>
  <data>
    5.86773515e-01 5.38174391e-01 5.66471517e-01 5.56136906e-01
    5.95405102e-01 5.59333622e-01 5.71988165e-01 5.60560882e-01
    5.79836905e-01 6.07340157e-01 8.83495092e-01 7.77399421e-01
    7.99589515e-01 8.13172579e-01 8.41330707e-01 8.16155612e-01
    8.23379695e-01 8.26753855e-01 8.17025781e-01 8.19529533e-01
    8.19694400e-01 8.85823250e-01 9.86341059e-01 9.02226090e-01
    1.06128418e+00</data></Per_View_Reprojection_Errors>
<!-- a set of 6-tuples (rotation vector + translation vector) for each view -->
<Extrinsic_Parameters type_id="opencv-matrix">
  <rows>25</rows>
  <cols>6</cols>
  <dt>d</dt>
  <data>
    -5.1169614856097601e-01 -2.8412345429809849e-02
    9.8382607324091015e-02 -7.8837550420417827e+01
    2.4227619402536398e+01 1.3287384759506540e+03
    -4.7813880834608802e-01 7.9542067543224237e-02
    6.2101043820880372e-02 -8.5307784542317833e+01
    3.3761354173939665e+01 1.3524968031101337e+03
    -4.9114840309579028e-01 2.7557645147459543e-02
    7.3078279151045325e-02 -8.0841468897399039e+01
    2.7193536412949548e+01 1.3319015284773450e+03
    -4.9239942345759768e-01 6.8550881636560299e-02
    4.6729490474700860e-02 -9.7400899112733370e+01
    3.5765516394000727e+01 1.3343423842724098e+03
    -4.8843566781113618e-01 5.0463194029186170e-02
    -4.5248826936232032e-03 -1.0249221308261454e+02
    3.0316251220724677e+01 1.2825702263744856e+03
    -4.7231548363565851e-01 6.7912066935371995e-02
    -3.9960523595501819e-02 -1.0394476359474190e+02
    3.5457655334309507e+01 1.2520606770156610e+03
    -4.3299025968902660e-01 9.2276270321747969e-02
    -1.1095285327101034e-01 -1.0346299391297187e+02
    4.9511809202033575e+01 1.1594692575136803e+03
    -4.2238875161075223e-01 1.0524035742697629e-01
    -1.4583529793602029e-01 -1.0168117065705957e+02
    4.7878079412787159e+01 1.0783486297006859e+03
    -3.8892629856257155e-01 1.1942476976899470e-01
    -1.5649295290228024e-01 -1.0490855759199137e+02
    2.4074823733539315e+01 1.0118213281734764e+03
    -3.1980624338296498e-01 1.2779647793801682e-01
    -1.5181643586945798e-01 -1.1381488024635259e+02
    -6.3759993260160295e+00 9.4466105424241698e+02
    -2.8522232373376405e-01 1.2404614584153774e-01
    -1.1641445389015567e-01 -1.2388810576920720e+02
    -3.8121541113079410e+01 9.0127573552902390e+02
    -2.5320245234802818e-01 1.3402741323874248e-01
    -9.1356423300033768e-02 -1.3174335547762973e+02
    -7.5339819530337479e+01 8.9356842328640550e+02
    -2.4152804094117408e-01 1.3805826716954608e-01
    -8.9942640369200536e-02 -1.3532924867756466e+02
    -8.5840397773647965e+01 8.8889337898144493e+02
    -2.3615092024208190e-01 1.3780623490113320e-01
    -9.2669074450417055e-02 -1.3495451552133821e+02
    -8.9204677203456683e+01 8.8393947384039882e+02
    -2.3113669725140595e-01 1.4124664884185142e-01
    -9.2441182925073889e-02 -1.3582539664667533e+02
    -8.7546104191966251e+01 8.7957910817397340e+02
    -2.3254399820715743e-01 1.4053507281114808e-01
    -9.3738639994311257e-02 -1.3839190837266514e+02
    -8.4955063085839214e+01 8.7698458056376876e+02
    -2.3321859537152809e-01 1.3726249247935815e-01
    -9.5251142692437910e-02 -1.3877794884938794e+02
    -8.4855752563561850e+01 8.7652260629837065e+02
    -2.2943451141224167e-01 1.3761307030387482e-01
    -9.7718474683955309e-02 -1.3712434611312847e+02
    -8.2488315990907921e+01 8.7373612353340366e+02
    -2.3687370655698758e-01 1.2969981335935868e-01
    -1.0004582164781214e-01 -1.3781643235996521e+02
    -8.2030121573387660e+01 8.7164498071864966e+02
    -2.3884062313923407e-01 1.3158734077821005e-01
    -1.0142632660669322e-01 -1.3807191704019351e+02
    -8.2665508819686522e+01 8.7307919455056583e+02
    -2.3960481900730035e-01 1.3343233285743339e-01
    -1.0124046323959907e-01 -1.4132570364013651e+02
    -8.3134882358395785e+01 8.7357553224439755e+02
    -2.3712283711967247e-01 1.4077158518601815e-01
    -1.0191536526716642e-01 -1.4459846508649341e+02
    -8.2127320457106791e+01 8.7267113938569128e+02
    -2.3448230508129597e-01 1.4847340339904422e-01
    -1.0163983112048690e-01 -1.4739168671475539e+02
    -7.3313451201312375e+01 8.7498145363452136e+02
    -2.4172064359721354e-01 1.4307294187563746e-01
    -1.0276443356646103e-01 -1.7536602755623113e+02
    4.2435956834831025e+01 9.3151367808842076e+02
    -4.5331214550969212e-01 1.0881614653448064e-01
    -4.7916450028893492e-01 -2.1747832401932311e+02
    1.5205999013577806e+01 9.8208581875713833e+02</data></Extrinsic_Parameters>
